WEIGHTS AFTER 1 EPOCH[[0.1 0.1 0.1 ... 0.1 0.1 0.1]
 [0.1 0.1 0.1 ... 0.1 0.1 0.1]
 [0.1 0.1 0.1 ... 0.1 0.1 0.1]
 ...
 [0.1 0.1 0.1 ... 0.1 0.1 0.1]
 [0.1 0.1 0.1 ... 0.1 0.1 0.1]
 [0.1 0.1 0.1 ... 0.1 0.1 0.1]][[-0.00633561 -0.00633561 -0.00633561 -0.00633561 -0.00633561 -0.00633561
  -0.00633561 -0.00633561 -0.00633561 -0.00633561 -0.00633561 -0.00633561
  -0.00633561 -0.00633561 -0.00633561 -0.00633561 -0.00633561 -0.00633561
  -0.00633561 -0.00633561 -0.00633561 -0.00633561 -0.00633561 -0.00633561
  -0.00633561 -0.00633561 -0.00633561 -0.00633561 -0.00633561 -0.00633561]
 [ 0.01873411  0.01873411  0.01873411  0.01873411  0.01873411  0.01873411
   0.01873411  0.01873411  0.01873411  0.01873411  0.01873411  0.01873411
   0.01873411  0.01873411  0.01873411  0.01873411  0.01873411  0.01873411
   0.01873411  0.01873411  0.01873411  0.01873411  0.01873411  0.01873411
   0.01873411  0.01873411  0.01873411  0.01873411  0.01873411  0.01873411]
 [-0.00633552 -0.00633552 -0.00633552 -0.00633552 -0.00633552 -0.00633552
  -0.00633552 -0.00633552 -0.00633552 -0.00633552 -0.00633552 -0.00633552
  -0.00633552 -0.00633552 -0.00633552 -0.00633552 -0.00633552 -0.00633552
  -0.00633552 -0.00633552 -0.00633552 -0.00633552 -0.00633552 -0.00633552
  -0.00633552 -0.00633552 -0.00633552 -0.00633552 -0.00633552 -0.00633552]
 [-0.00633569 -0.00633569 -0.00633569 -0.00633569 -0.00633569 -0.00633569
  -0.00633569 -0.00633569 -0.00633569 -0.00633569 -0.00633569 -0.00633569
  -0.00633569 -0.00633569 -0.00633569 -0.00633569 -0.00633569 -0.00633569
  -0.00633569 -0.00633569 -0.00633569 -0.00633569 -0.00633569 -0.00633569
  -0.00633569 -0.00633569 -0.00633569 -0.00633569 -0.00633569 -0.00633569]
 [ 0.00605255  0.00605255  0.00605255  0.00605255  0.00605255  0.00605255
   0.00605255  0.00605255  0.00605255  0.00605255  0.00605255  0.00605255
   0.00605255  0.00605255  0.00605255  0.00605255  0.00605255  0.00605255
   0.00605255  0.00605255  0.00605255  0.00605255  0.00605255  0.00605255
   0.00605255  0.00605255  0.00605255  0.00605255  0.00605255  0.00605255]
 [-0.00633529 -0.00633529 -0.00633529 -0.00633529 -0.00633529 -0.00633529
  -0.00633529 -0.00633529 -0.00633529 -0.00633529 -0.00633529 -0.00633529
  -0.00633529 -0.00633529 -0.00633529 -0.00633529 -0.00633529 -0.00633529
  -0.00633529 -0.00633529 -0.00633529 -0.00633529 -0.00633529 -0.00633529
  -0.00633529 -0.00633529 -0.00633529 -0.00633529 -0.00633529 -0.00633529]
 [-0.01871042 -0.01871042 -0.01871042 -0.01871042 -0.01871042 -0.01871042
  -0.01871042 -0.01871042 -0.01871042 -0.01871042 -0.01871042 -0.01871042
  -0.01871042 -0.01871042 -0.01871042 -0.01871042 -0.01871042 -0.01871042
  -0.01871042 -0.01871042 -0.01871042 -0.01871042 -0.01871042 -0.01871042
  -0.01871042 -0.01871042 -0.01871042 -0.01871042 -0.01871042 -0.01871042]
 [-0.01871042 -0.01871042 -0.01871042 -0.01871042 -0.01871042 -0.01871042
  -0.01871042 -0.01871042 -0.01871042 -0.01871042 -0.01871042 -0.01871042
  -0.01871042 -0.01871042 -0.01871042 -0.01871042 -0.01871042 -0.01871042
  -0.01871042 -0.01871042 -0.01871042 -0.01871042 -0.01871042 -0.01871042
  -0.01871042 -0.01871042 -0.01871042 -0.01871042 -0.01871042 -0.01871042]
 [-0.01871042 -0.01871042 -0.01871042 -0.01871042 -0.01871042 -0.01871042
  -0.01871042 -0.01871042 -0.01871042 -0.01871042 -0.01871042 -0.01871042
  -0.01871042 -0.01871042 -0.01871042 -0.01871042 -0.01871042 -0.01871042
  -0.01871042 -0.01871042 -0.01871042 -0.01871042 -0.01871042 -0.01871042
  -0.01871042 -0.01871042 -0.01871042 -0.01871042 -0.01871042 -0.01871042]
 [-0.00633346 -0.00633346 -0.00633346 -0.00633346 -0.00633346 -0.00633346
  -0.00633346 -0.00633346 -0.00633346 -0.00633346 -0.00633346 -0.00633346
  -0.00633346 -0.00633346 -0.00633346 -0.00633346 -0.00633346 -0.00633346
  -0.00633346 -0.00633346 -0.00633346 -0.00633346 -0.00633346 -0.00633346
  -0.00633346 -0.00633346 -0.00633346 -0.00633346 -0.00633346 -0.00633346]]BIASES AFTER 1 EPOCH[[0.09983203]
 [0.09983203]
 [0.09983203]
 [0.09983203]
 [0.09983203]
 [0.09983203]
 [0.09983203]
 [0.09983203]
 [0.09983203]
 [0.09983203]
 [0.09983203]
 [0.09983203]
 [0.09983203]
 [0.09983203]
 [0.09983203]
 [0.09983203]
 [0.09983203]
 [0.09983203]
 [0.09983203]
 [0.09983203]
 [0.09983203]
 [0.09983203]
 [0.09983203]
 [0.09983203]
 [0.09983203]
 [0.09983203]
 [0.09983203]
 [0.09983203]
 [0.09983203]
 [0.09983203]][[-0.00652518]
 [ 0.01873343]
 [-0.00652505]
 [-0.00652531]
 [ 0.00587071]
 [-0.00652468]
 [-0.01890004]
 [-0.01890004]
 [-0.01890004]
 [-0.0065218 ]]